309 243 1434.37 138.259 1350.54
366 117 1825.32 120.705 491.628
330 163 1588.23 121.045 833.631
299 250 1372.58 138.406 1401.12
328 144 1575.79 89.0634 691.429
345 150 1702.13 101.437 721.638
349 131 1720.43 84.3979 581.004
152 185 84.4702 140.33 1131.93
341 164 1670.08 123.563 836.44
330 130 1586.45 121.002 592.463
198 221 535.311 139.536 1352.98
323 157 1533.5 121.133 792.95
360 237 1794.49 137.69 1242.61
256 232 1046.88 153.828 1353.92
161 200 169.855 153.256 1244.34
343 222 1681.22 137.862 1173.79
334 164 1629.57 120.955 834.884
312 240 1454.34 138.246 1326.82
325 136 1548.69 121.115 640.36
167 198 239.445 140.12 1217.78
327 119 1555.58 121.211 519.927
285 232 1258.15 153.524 1316.89
331 127 1590.8 121.102 582.172
216 227 685.796 154.328 1370.94
339 157 1670.97 101.326 779.159
346 223 1707.24 137.844 1175.9
349 230 1725.99 137.882 1220.08
349 149 1727.75 120.83 715.879
357 225 1777.53 144.966 1173.97
359 235 1794.49 137.69 1242.61
173 193 294.409 139.918 1177.94
323 234 1535.91 138.095 1269.27
289 242 1306 153.433 1375.27
336 161 1628.12 120.932 814.818
349 144 1747.96 103.406 668.43
354 239 1755.74 137.775 1273.22
163 198 189.168 140.233 1223.27
360 133 1798.78 120.762 596.373
322 133 1526.71 121.182 621.975
293 229 1338.37 153.442 1280.31
335 144 1619.79 121.017 699.876
326 155 1557.86 121.166 770.563
353 143 1749.13 101.329 678.088
346 129 1720.43 84.3979 581.004
291 240 1321.37 153.416 1357.22
215 222 684.494 154.327 1343.22
341 155 1670.22 101.42 769.236
343 159 1693.9 113.455 783.143
334 124 1613.73 121 545.689
156 187 116.973 140.315 1151.34
353 233 1752.69 137.71 1232.29
164 192 194.177 140.115 1182.97
193 194 490.338 139.522 1151.45
349 225 1723.34 137.842 1184.3
287 229 1289.36 153.52 1286.28
363 159 1808.94 113.177 772.911
335 146 1619.79 121.017 699.876
162 194 170.921 137.348 1196.42
243 167 668.596 654.745 997.235
347 122 1720.99 84.4117 522.249
342 153 1684.6 101.435 757.996
376 218 1910.83 137.516 1111.39
365 90 1851.96 153.29 281.303
156 189 116.973 140.315 1151.34
351 225 1740.22 153.321 1179.77
195 217 503.609 139.568 1323.09
356 146 1766.23 120.83 692.794
336 139 1644.17 88.9919 651.133
318 218 1492.93 138.178 1185.42
336 110 1629.87 89.0643 455.1
189 209 1785.8 117.016 611.947
329 227 1574.97 138.001 1222.7
330 156 1580.98 136.303 784.943
362 127 1803.71 106.962 561.091
347 155 1711.01 120.786 762.225
353 141 1750.13 136.336 655.337
184 201 394.867 139.769 1212.05
349 154 604.142 153.254 1414.42
363 167 1801.43 150.713 836.919
241 168 668.596 654.745 997.235
296 229 1338.37 153.442 1280.31
424 248 2043.91 1108.23 1623.69
423 170 1976.43 1104.88 1032.98
