x
-1 1
1 0 450123
2 0 359452
3 0 130619
4 0 442663
5 0 349464
6 0 84655
7 0 87485
8 0 187455
9 0 158552
10 0 99769
11 0 108399
12 0 119040
13 0 130311
14 0 301124
15 0 154972
16 0 169033
17 0 185430
18 0 202751
19 0 218714
20 0 230096
21 0 232825
22 0 225878
23 1 213379
24 1 194534
25 2 169017
26 4 139613
27 4 111059
28 4 98804
29 4 84676
30 4 71960
31 9 63584
32 9 57859
33 7 52232
34 14 46799
35 27 43999
36 24 41962
37 43 39994
38 44 38359
39 66 44975
40 70 35920
41 72 130306
42 70 34792
43 79 34804
44 81 33806
45 66 36395
46 90 32909
47 97 33464
48 89 33786
49 75 35031
50 83 35217
51 104 41475
52 97 34543
53 119 34384
54 99 33741
55 119 32502
56 110 31637
57 82 30856
58 88 30285
59 137 29573
60 78 37750
61 69 28623
62 56 31347
63 92 38575
64 67 39962
65 70 40994
66 58 44506
67 65 45465
68 50 41707
69 55 35952
70 64 37484
71 54 38944
72 51 39204
73 60 39486
74 61 39076
75 68 38478
76 57 40585
77 57 46384
78 72 52839
79 61 56076
80 66 57212
81 57 55300
82 56 55110
83 65 55355
84 63 56163
85 54 56744
86 50 56604
87 62 54900
88 56 53171
89 60 50580
90 71 53107
91 56 56071
92 57 58323
93 62 58030
94 50 63950
95 60 63429
96 49 67058
97 60 68595
98 63 70038
99 67 81956
100 80 89548
101 115 96493
102 145 102172
103 159 102032
104 143 110150
105 139 109079
106 125 105616
107 164 100483
108 151 95849
109 178 89822
110 157 81136
111 157 70837
112 148 65832
113 150 61024
114 151 58441
115 149 54889
116 142 55373
117 141 53364
118 159 50760
119 132 53603
120 157 53836
121 150 53440
122 132 55423
123 177 56921
124 146 58671
125 145 60557
126 126 62510
127 151 65203
128 153 68508
129 123 72506
130 137 77948
131 123 81928
132 134 84451
133 144 85441
134 130 85119
135 142 84030
136 122 82468
137 147 79110
138 110 73333
139 124 72515
140 106 77515
141 91 80841
142 86 83772
143 77 125025
144 80 153313
145 80 174115
146 68 189028
147 69 186666
148 72 180988
149 69 183501
150 59 178286
151 54 182924
152 44 178443
153 55 186058
154 47 189945
155 52 188813
156 59 190159
157 37 171881
158 37 145273
159 34 130632
160 32 114413
161 30 118729
162 31 123310
163 41 104355
164 29 102474
165 31 107711
166 29 125857
167 17 145803
168 25 122910
169 15 129186
170 18 133134
171 25 139674
172 23 152247
173 18 162494
174 29 167574
175 18 173667
176 12 178703
177 17 181887
178 13 181659
179 24 179888
180 11 176103
181 6 171701
182 0 168685
183 2 161187
184 0 153660
185 0 148522
186 0 136887
187 0 119071
188 0 138287
189 0 146580
190 0 153311
191 0 149463
192 0 132433
193 0 134868
194 0 140632
195 0 123814
196 0 113390
197 0 103283
198 0 87977
199 0 87639
200 0 99245
201 0 99490
202 0 85854
203 0 81991
204 0 77490
205 0 78987
206 0 88249
207 0 81647
208 0 84130
209 0 101172
210 0 91028
211 0 85107
212 0 87812
213 0 79699
214 0 80377
215 0 89061
216 0 86537
217 0 88474
218 0 97372
219 0 93089
220 0 98311
221 0 102176
222 0 93338
223 0 99839
224 0 113649
225 0 109033
226 0 122083
227 0 134894
228 0 116543
229 0 100597
230 0 102419
231 0 150976
232 0 105001
233 0 113075
234 0 86804
235 0 82005
236 0 93053
237 0 57585
238 0 56107
239 0 49907
240 0 57610
241 0 101738
242 0 117023
243 0 72728
244 0 66816
245 0 108724
246 0 78636
247 0 125931
248 0 43915
249 0 59291
250 0 64642
251 0 37919
252 0 126864
253 0 81331
254 0 254354
255 0 130038
257 0.000813 0.003781
258 0 5e-006
264 -119264961.859323 -331088.941968
265 354803826 33112395053016
266 356486 28381215
267 65658.827594 17699050.998401
268 -117947800.750156 -326663.446804
269 312011748 32066339587106
270 490921 34611751
271 63954.060649 16971862.528084
272 -117116779.960569 -316466.483496
273 289145733 30778938124979
274 615022 58939637
275 58226.442802 16541940.574865
276 1 85
277 0 124
278 1059 2380807
279 -23.593901 22.314386
280 -13.649967 15.682339
281 -10.192128 12.681325
282 -9.037965 12.217341
283 -10.631148 9.692798
284 0 203512
285 0 14380.12412
286 -0 1.979871
287 0 2470.014281
288 0 807.188612
289 0 1216.483961
290 -10 0.99907
291 -4855770.525743 -1
292 0 0.6428228
293 0 1.294258
